 -0.98663925785115048
 -0.94542699605693303
 -0.92130133089775224
 -0.96279624902827199
 -0.99252110830232654
 -0.94084335848264466
 -0.73285888289629197
 -0.56851514215551058
 -0.7860112373926823
 -0.94815726164628344
 -0.88148525930799182
 -0.41039482307532482
 0.11760624905104074
 -0.31560736797350086
 -0.69783609360187726
 -0.83269331395083723
 -0.19751678082645943
 0.55983210776334269
 0.40229404161783844
 0.10978656843109225
 -0.8031050831612857
 -0.10054925451589254
 0.71916599038302476
 0.86182353009837553
 0.80119714638656037
 -0.98606218373652132
 -0.92817502231919624
 -0.73969792732373152
 -0.34276510484458822
 -0.11540118440720581
 -0.94024497529208451
 -0.7130407272800503
 -0.33498795071562681
 0.028164370536037441
 0.20080555616971055
 -0.88093091191492101
 -0.39017868168351655
 0.39182112245422879
 0.70500090403806837
 0.7686927994105982
 -0.83240709172626948
 -0.1875117114389479
 0.69227073001305905
 0.95540718013911097
 0.978912018571506
 -0.80304308600781293
 -0.098504446218721523
 0.7449431617965625
 0.9781497012381748
 0.99869849069793193
 -0.99935159987012123
 -0.98245017968007675
 -0.81790991718373107
 -0.37954956894108827
 -0.12253195231299632
 -0.99713223916526028
 -0.96981911602204329
 -0.74778321675956327
 -0.1693672841928936
 0.16264836569628421
 -0.97239017989977516
 -0.84500192183087419
 -0.44999113316491995
 0.27831744028986288
 0.68520152420867952
 -0.88510571096705748
 -0.43898487895090932
 0.2378062633755367
 0.69741861956674778
 0.92388512864823036
 -0.81467835739065297
 -0.15091657817733026
 0.65475781355031415
 0.92286258690192702
 0.98596731926794823
 -0.99876565976434373
 -0.96466368224681076
 -0.62635932115502091
 0.30325783802389217
 0.86608244066700169
 -0.99678628535491975
 -0.95839641009016197
 -0.61284850637188004
 0.31997245697424059
 0.8703826707762593
 -0.97231376256352697
 -0.84226422997321093
 -0.4135515973212302
 0.41751969123396288
 0.8893391499598281
 -0.88509974021310023
 -0.43877788129773898
 0.24051399035332627
 0.70884499452944316
 0.9419660525820589
 -0.81467817972890999
 -0.15091069890020056
 0.65483183774736997
 0.92319677559347257
 0.98653252410449177
 -0.99876565976434373
 -0.96466368224681076
 -0.62635932115502091
 0.30325783802389217
 0.86608244066700169
 -0.99678628535491975
 -0.95839641009016197
 -0.61284850637188004
 0.31997245697424059
 0.8703826707762593
 -0.97231376256352697
 -0.84226422997321093
 -0.4135515973212302
 0.41751969123396288
 0.8893391499598281
 -0.88509974021310023
 -0.43877788129773898
 0.24051399035332627
 0.70884499452944316
 0.9419660525820589
 -0.81467817972890999
 -0.15091069890020056
 0.65483183774736997
 0.92319677559347257
 0.98653252410449177
 -0.99876565976434373
 -0.96466368224681076
 -0.62635932115502091
 0.30325783802389217
 0.86608244066700169
 -0.99678628535491975
 -0.95839641009016197
 -0.61284850637188004
 0.31997245697424059
 0.8703826707762593
 -0.97231376256352697
 -0.84226422997321093
 -0.4135515973212302
 0.41751969123396288
 0.8893391499598281
 -0.88509974021310023
 -0.43877788129773898
 0.24051399035332627
 0.70884499452944316
 0.9419660525820589
 -0.81467817972890999
 -0.15091069890020056
 0.65483183774736997
 0.92319677559347257
 0.98653252410449177
 -0.99876565976434373
 -0.96466368224681076
 -0.62635932115502091
 0.30325783802389217
 0.86608244066700169
 -0.99678628535491975
 -0.95839641009016197
 -0.61284850637188004
 0.31997245697424059
 0.8703826707762593
 -0.97231376256352697
 -0.84226422997321093
 -0.4135515973212302
 0.41751969123396288
 0.8893391499598281
 -0.88509974021310023
 -0.43877788129773898
 0.24051399035332627
 0.70884499452944316
 0.9419660525820589
 -0.81467817972890999
 -0.15091069890020056
 0.65483183774736997
 0.92319677559347257
 0.98653252410449177
 -0.99876565976434373
 -0.96466368224681076
 -0.62635932115502091
 0.30325783802389217
 0.86608244066700169
 -0.99678628535491975
 -0.95839641009016197
 -0.61284850637188004
 0.31997245697424059
 0.8703826707762593
 -0.97231376256352697
 -0.84226422997321093
 -0.4135515973212302
 0.41751969123396288
 0.8893391499598281
 -0.88509974021310023
 -0.43877788129773898
 0.24051399035332627
 0.70884499452944316
 0.9419660525820589
 -0.81467817972890999
 -0.15091069890020056
 0.65483183774736997
 0.92319677559347257
 0.98653252410449177
 -0.99876565976434373
 -0.96466368224681076
 -0.62635932115502091
 0.30325783802389217
 0.86608244066700169
 -0.99678628535491975
 -0.95839641009016197
 -0.61284850637188004
 0.31997245697424059
 0.8703826707762593
 -0.97231376256352697
 -0.84226422997321093
 -0.4135515973212302
 0.41751969123396288
 0.8893391499598281
 -0.88509974021310023
 -0.43877788129773898
 0.24051399035332627
 0.70884499452944316
 0.9419660525820589
 -0.81467817972890999
 -0.15091069890020056
 0.65483183774736997
 0.92319677559347257
 0.98653252410449177
 -0.99876565976434373
 -0.96466368224681076
 -0.62635932115502091
 0.30325783802389217
 0.86608244066700169
 -0.99678628535491975
 -0.95839641009016197
 -0.61284850637188004
 0.31997245697424059
 0.8703826707762593
 -0.97231376256352697
 -0.84226422997321093
 -0.4135515973212302
 0.41751969123396288
 0.8893391499598281
 -0.88509974021310023
 -0.43877788129773898
 0.24051399035332627
 0.70884499452944316
 0.9419660525820589
 -0.81467817972890999
 -0.15091069890020056
 0.65483183774736997
 0.92319677559347257
 0.98653252410449177
 -0.99876565976434373
 -0.96466368224681076
 -0.62635932115502091
 0.30325783802389217
 0.86608244066700169
 -0.99678628535491975
 -0.95839641009016197
 -0.61284850637188004
 0.31997245697424059
 0.8703826707762593
 -0.97231376256352697
 -0.84226422997321093
 -0.4135515973212302
 0.41751969123396288
 0.8893391499598281
 -0.88509974021310023
 -0.43877788129773898
 0.24051399035332627
 0.70884499452944316
 0.9419660525820589
 -0.81467817972890999
 -0.15091069890020056
 0.65483183774736997
 0.92319677559347257
 0.98653252410449177
 -0.99876565976434373
 -0.96466368224681076
 -0.62635932115502091
 0.30325783802389217
 0.86608244066700169
 -0.99678628535491975
 -0.95839641009016197
 -0.61284850637188004
 0.31997245697424059
 0.8703826707762593
 -0.97231376256352697
 -0.84226422997321093
 -0.4135515973212302
 0.41751969123396288
 0.8893391499598281
 -0.88509974021310023
 -0.43877788129773898
 0.24051399035332627
 0.70884499452944316
 0.9419660525820589
 -0.81467817972890999
 -0.15091069890020056
 0.65483183774736997
 0.92319677559347257
 0.98653252410449177
 -0.98606218373652132
 -0.92817502231919624
 -0.73969792732373152
 -0.34276510484458822
 -0.11540118440720581
 -0.94024497529208451
 -0.7130407272800503
 -0.33498795071562681
 0.028164370536037441
 0.20080555616971055
 -0.88093091191492101
 -0.39017868168351655
 0.39182112245422879
 0.70500090403806837
 0.7686927994105982
 -0.83240709172626948
 -0.1875117114389479
 0.69227073001305905
 0.95540718013911097
 0.978912018571506
 -0.80304308600781293
 -0.098504446218721523
 0.7449431617965625
 0.9781497012381748
 0.99869849069793193
 -0.98606218373652132
 -0.92817502231919624
 -0.73969792732373152
 -0.34276510484458822
 -0.11540118440720581
 -0.94024497529208451
 -0.7130407272800503
 -0.33498795071562681
 0.028164370536037441
 0.20080555616971055
 -0.88093091191492101
 -0.39017868168351655
 0.39182112245422879
 0.70500090403806837
 0.7686927994105982
 -0.83240709172626948
 -0.1875117114389479
 0.69227073001305905
 0.95540718013911097
 0.978912018571506
 -0.80304308600781293
 -0.098504446218721523
 0.7449431617965625
 0.9781497012381748
 0.99869849069793193
 -0.98606218373652132
 -0.92817502231919624
 -0.73969792732373152
 -0.34276510484458822
 -0.11540118440720581
 -0.94024497529208451
 -0.7130407272800503
 -0.33498795071562681
 0.028164370536037441
 0.20080555616971055
 -0.88093091191492101
 -0.39017868168351655
 0.39182112245422879
 0.70500090403806837
 0.7686927994105982
 -0.83240709172626948
 -0.1875117114389479
 0.69227073001305905
 0.95540718013911097
 0.978912018571506
 -0.80304308600781293
 -0.098504446218721523
 0.7449431617965625
 0.9781497012381748
 0.99869849069793193
 -0.7598012239594466
 -0.012953856764965445
 0.43455614310297541
 -0.31528925639586675
 -0.86606442916993831
 -0.80793794358105331
 -0.13512318379100163
 0.39125940030447204
 -0.31918315602997677
 -0.85710835284308096
 -0.85231184839150331
 -0.26722942563633245
 0.37884942760871804
 -0.1812152347094646
 -0.67123514477643931
 -0.83041046327115198
 -0.18671863517792914
 0.57913188792504211
 0.41331340222171464
 0.11214878195244363
 -0.80303685700281413
 -0.10024264378859095
 0.71969086565423568
 0.86214495250937206
 0.80127102030393527
 -0.7592241498448159
 0.0042981169727710627
 0.61615954667699613
 0.30474188778781658
 0.011055494725183346
 -0.80733956039049282
 -0.11530502817475934
 0.62478659174435747
 0.49499245189874291
 0.29185446497291118
 -0.85175750099843095
 -0.24701328424452426
 0.6530643010119056
 0.83939303730210524
 0.79529374823603394
 -0.83012424104658566
 -0.17671356579041736
 0.71157051017475914
 0.96642654074298762
 0.98127423209285702
 -0.80297485984934003
 -0.098197835491419999
 0.74546803706777298
 0.97847112364917022
 0.99877236461530683
 -0.77192762587263908
 -0.032190542954844331
 0.7294981528457064
 0.95076483065629736
 0.99253911979939136
 -0.86388087045332795
 -0.36066071098487112
 0.34692603608810363
 0.78680053833694497
 0.96143157957946057
 -0.9431403516470378
 -0.69909883253421934
 -0.15230841876355292
 0.55191182449799658
 0.91594009878526639
 -0.88281688953341686
 -0.42797973564920849
 0.25981377051502674
 0.71986435513331948
 0.94432826610341036
 -0.81460995357043942
 -0.15060408817289919
 0.65535671301858067
 0.9235181980044691
 0.98660639802186667
 -0.77192762587263908
 -0.032190542954844331
 0.7294981528457064
 0.95076483065629736
 0.99253911979939136
 -0.86388087045332795
 -0.36066071098487112
 0.34692603608810363
 0.78680053833694497
 0.96143157957946057
 -0.9431403516470378
 -0.69909883253421934
 -0.15230841876355292
 0.55191182449799658
 0.91594009878526639
 -0.88281688953341686
 -0.42797973564920849
 0.25981377051502674
 0.71986435513331948
 0.94432826610341036
 -0.81460995357043942
 -0.15060408817289919
 0.65535671301858067
 0.9235181980044691
 0.98660639802186667
 -0.77192762587263908
 -0.032190542954844331
 0.7294981528457064
 0.95076483065629736
 0.99253911979939136
 -0.86388087045332795
 -0.36066071098487112
 0.34692603608810363
 0.78680053833694497
 0.96143157957946057
 -0.9431403516470378
 -0.69909883253421934
 -0.15230841876355292
 0.55191182449799658
 0.91594009878526639
 -0.88281688953341686
 -0.42797973564920849
 0.25981377051502674
 0.71986435513331948
 0.94432826610341036
 -0.81460995357043942
 -0.15060408817289919
 0.65535671301858056
 0.9235181980044691
 0.98660639802186667
 -0.77192762587263908
 -0.032190542954844331
 0.7294981528457064
 0.95076483065629736
 0.99253911979939136
 -0.86388087045332795
 -0.36066071098487112
 0.34692603608810363
 0.78680053833694497
 0.96143157957946057
 -0.9431403516470378
 -0.69909883253421934
 -0.15230841876355292
 0.55191182449799658
 0.91594009878526639
 -0.88281688953341686
 -0.42797973564920849
 0.25981377051502674
 0.71986435513331948
 0.94432826610341036
 -0.81460995357043942
 -0.15060408817289919
 0.65535671301858056
 0.9235181980044691
 0.98660639802186667
 -0.77192762587263908
 -0.032190542954844331
 0.7294981528457064
 0.95076483065629736
 0.99253911979939136
 -0.86388087045332795
 -0.36066071098487112
 0.34692603608810363
 0.78680053833694497
 0.96143157957946057
 -0.9431403516470378
 -0.69909883253421934
 -0.15230841876355292
 0.55191182449799658
 0.91594009878526639
 -0.88281688953341686
 -0.42797973564920849
 0.25981377051502674
 0.71986435513331948
 0.94432826610341036
 -0.81460995357043942
 -0.15060408817289919
 0.65535671301858067
 0.9235181980044691
 0.98660639802186667
 -0.77192762587263908
 -0.032190542954844331
 0.7294981528457064
 0.95076483065629736
 0.99253911979939136
 -0.86388087045332795
 -0.36066071098487112
 0.34692603608810363
 0.78680053833694497
 0.96143157957946057
 -0.9431403516470378
 -0.69909883253421934
 -0.15230841876355292
 0.55191182449799658
 0.91594009878526639
 -0.88281688953341686
 -0.42797973564920849
 0.25981377051502674
 0.71986435513331948
 0.94432826610341036
 -0.81460995357043942
 -0.15060408817289916
 0.65535671301858067
 0.9235181980044691
 0.98660639802186667
 -0.77192762587263908
 -0.032190542954844331
 0.7294981528457064
 0.95076483065629736
 0.99253911979939136
 -0.86388087045332795
 -0.36066071098487112
 0.34692603608810363
 0.78680053833694497
 0.96143157957946057
 -0.9431403516470378
 -0.69909883253421934
 -0.15230841876355292
 0.55191182449799658
 0.91594009878526639
 -0.88281688953341686
 -0.42797973564920849
 0.25981377051502674
 0.71986435513331948
 0.94432826610341036
 -0.81460995357043942
 -0.15060408817289919
 0.65535671301858056
 0.9235181980044691
 0.98660639802186667
 -0.77192762587263908
 -0.032190542954844331
 0.7294981528457064
 0.95076483065629736
 0.99253911979939136
 -0.86388087045332795
 -0.36066071098487112
 0.34692603608810363
 0.78680053833694497
 0.96143157957946057
 -0.9431403516470378
 -0.69909883253421934
 -0.15230841876355292
 0.55191182449799658
 0.91594009878526639
 -0.88281688953341686
 -0.42797973564920849
 0.25981377051502674
 0.71986435513331948
 0.94432826610341036
 -0.81460995357043942
 -0.15060408817289916
 0.65535671301858056
 0.9235181980044691
 0.98660639802186667
 -0.77192762587263908
 -0.032190542954844331
 0.7294981528457064
 0.95076483065629736
 0.99253911979939136
 -0.86388087045332795
 -0.36066071098487112
 0.34692603608810363
 0.78680053833694497
 0.96143157957946057
 -0.9431403516470378
 -0.69909883253421934
 -0.15230841876355292
 0.55191182449799658
 0.91594009878526639
 -0.88281688953341686
 -0.42797973564920849
 0.25981377051502674
 0.71986435513331948
 0.94432826610341036
 -0.81460995357043942
 -0.15060408817289919
 0.65535671301858056
 0.9235181980044691
 0.98660639802186667
 -0.75863820973903839
 0.022084614406034327
 0.80771014270570518
 0.98754929475279762
 0.99966988770518161
 -0.8069936065801544
 -0.10388232224287725
 0.75972130213204125
 0.98433219306587705
 0.99958877005288704
 -0.85168108366218254
 -0.24427559238686108
 0.68950383685559502
 0.97859528824620445
 0.99943137398718529
 -0.83011827029262664
 -0.17650656813724741
 0.71427823715254957
 0.97785291570568234
 0.99935515602668579
 -0.80297468218759616
 -0.09819195621429011
 0.7455420612648308
 0.97880531234071677
 0.99933756945185059
 -0.75863820973903839
 0.022084614406034327
 0.80771014270570518
 0.98754929475279762
 0.99966988770518161
 -0.8069936065801544
 -0.10388232224287725
 0.75972130213204125
 0.98433219306587705
 0.99958877005288704
 -0.85168108366218254
 -0.24427559238686108
 0.68950383685559502
 0.97859528824620445
 0.99943137398718529
 -0.83011827029262664
 -0.17650656813724741
 0.71427823715254957
 0.97785291570568234
 0.99935515602668579
 -0.80297468218759616
 -0.098191956214290138
 0.7455420612648308
 0.97880531234071677
 0.99933756945185059
 -0.7592241498448159
 0.0042981169727710627
 0.61615954667699613
 0.30474188778781658
 0.011055494725183346
 -0.80733956039049282
 -0.11530502817475934
 0.62478659174435747
 0.49499245189874291
 0.29185446497291118
 -0.85175750099843095
 -0.24701328424452426
 0.6530643010119056
 0.83939303730210524
 0.79529374823603394
 -0.83012424104658566
 -0.17671356579041736
 0.71157051017475914
 0.96642654074298762
 0.98127423209285702
 -0.80297485984934003
 -0.098197835491420013
 0.74546803706777298
 0.97847112364917022
 0.99877236461530683
 -0.7592241498448159
 0.0042981169727710627
 0.61615954667699613
 0.30474188778781658
 0.011055494725183346
 -0.80733956039049282
 -0.11530502817475934
 0.62478659174435747
 0.49499245189874291
 0.29185446497291118
 -0.85175750099843095
 -0.24701328424452426
 0.6530643010119056
 0.83939303730210524
 0.79529374823603394
 -0.83012424104658566
 -0.17671356579041736
 0.71157051017475914
 0.96642654074298762
 0.98127423209285702
 -0.80297485984934003
 -0.098197835491420013
 0.74546803706777298
 0.97847112364917022
 0.99877236461530683
 -0.55625418158989148
 0.099737553371919904
 0.45644179663740397
 -0.31412898174471804
 -0.86633722113241307
 0.067996991119654848
 0.40085306952620425
 0.50557333648151515
 -0.32019526327586706
 -0.86904767195140786
 0.5626339693777751
 0.68418654498863507
 0.58233154573430412
 -0.298408250639144
 -0.86485590764062426
 -0.020670256332783542
 0.32641784815235958
 0.56631238936587158
 -0.16994046908191343
 -0.82408621075962329
 -0.6258591678360409
 -0.0082710195789731326
 0.5378946187694581
 -0.071871864240907329
 -0.78721639048042991
 -0.55446711540020943
 0.13512536827716709
 0.8296651657646128
 0.98871414544712
 0.99939721859449315
 0.08880246127210803
 0.44421009930738098
 0.87667902021178623
 0.98349714566671309
 0.98765418732679777
 0.79986879413866752
 0.86403722027917529
 0.93164319324073575
 0.86412718489073415
 0.8058843743158961
 0.984082266639563
 0.97924593793225057
 0.85654065300201176
 0.40667505661018249
 0.063473029852246579
 0.99903638542043016
 0.98326718277624559
 0.792837567913248
 0.063864394350599957
 -0.58855394789550841
 -0.56789841985367839
 0.078440967231840061
 0.72871352347375762
 0.87543008679395651
 0.88442076458372232
 0.029348145993144795
 0.16721981386024257
 0.32920438928036799
 0.36420609314231522
 0.36337981804524411
 0.68093669788072075
 0.25920159888271133
 -0.39272761842692971
 -0.58853262058167988
 -0.5989632306443905
 0.81680192152353392
 0.17764469302304298
 -0.69237229080277518
 -0.94586611109263463
 -0.96367933606633138
 0.8025778935859782
 0.098224746641547359
 -0.74494685326373244
 -0.97787270742190247
 -0.99821910391666413
 -0.56848416677303204
 0.060660293224928274
 0.53722496796928465
 0.19283884582429944
 -0.10388515150808385
 0.029008307476910199
 0.15599937630295185
 0.19665781966208748
 -0.11663048151688205
 -0.3322210132108887
 0.68093283762529344
 0.25909006371126692
 -0.3938523472170134
 -0.59416906731141794
 -0.60904727777947598
 0.81710348470589289
 0.18814849585067839
 -0.55406188519134436
 -0.36415688406141872
 -0.045238804227761435
 0.80307598747506503
 0.11466701752287416
 -0.53792479879715172
 -0.042076816380298677
 0.58976946650971773
 -0.56848416677303204
 0.060660293224928274
 0.53722496796928465
 0.19283884582429944
 -0.10388515150808385
 0.029008307476910199
 0.15599937630295185
 0.19665781966208748
 -0.11663048151688205
 -0.3322210132108887
 0.68093283762529344
 0.25909006371126692
 -0.3938523472170134
 -0.59416906731141794
 -0.60904727777947598
 0.81710348470589289
 0.18814849585067839
 -0.55406188519134436
 -0.36415688406141872
 -0.045238804227761435
 0.80307598747506515
 0.11466701752287416
 -0.53792479879715172
 -0.042076816380298677
 0.58976946650971773
 -0.56848416677303204
 0.060660293224928274
 0.53722496796928465
 0.19283884582429944
 -0.10388515150808385
 0.029008307476910199
 0.15599937630295185
 0.19665781966208748
 -0.11663048151688205
 -0.3322210132108887
 0.68093283762529344
 0.25909006371126692
 -0.3938523472170134
 -0.59416906731141794
 -0.60904727777947598
 0.81710348470589289
 0.18814849585067839
 -0.55406188519134436
 -0.36415688406141872
 -0.045238804227761435
 0.80307598747506503
 0.11466701752287416
 -0.53792479879715172
 -0.042076816380298677
 0.58976946650971773
 -0.56848435995945346
 0.060654469798576777
 0.53716292744504845
 0.19262267982897521
 -0.10419362839627629
 0.029002192182806013
 0.15579710792836016
 0.19426967889268387
 -0.12513364802481836
 -0.34435448703473143
 0.68086028054447234
 0.25646390702504734
 -0.42916715427061852
 -0.72773487152577965
 -0.80310085639554019
 0.81679595076957556
 0.17743769536987278
 -0.69508001778056472
 -0.9572924860553319
 -0.98176026000015926
 0.80257771592423621
 0.098218867364417359
 -0.74502087746078849
 -0.97820689611344824
 -0.99878430875320723
 -0.56834247163958818
 0.063063713483025086
 0.55990257987590397
 0.26912227438563951
 0.0036520577087044304
 0.031569243588594531
 0.17600900463350405
 0.32894904378016421
 0.29662574977064721
 0.24176269177339485
 0.70833310881756351
 0.40647628827415377
 0.053391401777898771
 0.29824147019842723
 0.51825547336282751
 0.93137767664481663
 0.72756577276711831
 0.39936845938669968
 0.13726012107512342
 -0.0096347840048577535
 0.98740093637584525
 0.9308491715405055
 0.7025781954699436
 0.0082430913228062931
 -0.6018503241620371
 -0.56841322713062736
 0.060946492954413109
 0.53758756616306091
 0.19282580070887911
 -0.10415398149258635
 0.031265454532882542
 0.16595756791548225
 0.21057112992383178
 -0.11717970665436718
 -0.34280241297828357
 0.70784319617080271
 0.38861968711614675
 -0.18868796789233142
 -0.60359150746184764
 -0.77848180381539966
 0.93109648364163378
 0.71773694655064602
 0.26926949075603568
 -0.40612260700376884
 -0.86352203726474219
 0.98733908982927865
 0.92880933073145977
 0.6768636860123487
 -0.10780056008447016
 -0.7988721090595583
 -0.55519494382585388
 0.11492962715945543
 0.61537491730504668
 0.22940714392547537
 -0.097062860490485695
 0.085889456055980598
 0.41257549667035454
 0.60706494493662089
 0.072398006704112658
 -0.30619729656130534
 0.77231954852932783
 0.71128714717240593
 0.41264510134852994
 -0.30105140777757317
 -0.71960958119362062
 0.86949457001036468
 0.42891086288183433
 -0.24061555114304239
 -0.69930392548296993
 -0.92673337007688428
 0.81421298730707636
 0.15063099932302632
 -0.65483552921454036
 -0.92291978177720024
 -0.98605313732322386
 -0.55519494382585388
 0.11492962715945543
 0.61537491730504668
 0.22940714392547537
 -0.097062860490485695
 0.085889456055980598
 0.41257549667035454
 0.60706494493662089
 0.072398006704112658
 -0.30619729656130534
 0.77231954852932783
 0.71128714717240593
 0.41264510134852994
 -0.30105140777757317
 -0.71960958119362062
 0.86949457001036468
 0.42891086288183433
 -0.24061555114304239
 -0.69930392548296993
 -0.92673337007688428
 0.81421298730707636
 0.15063099932302632
 -0.65483552921454036
 -0.92291978177720024
 -0.98605313732322386
 -0.55460900372007771
 0.13271612459271862
 0.80692551333375684
 0.91221455089045544
 0.89155153248951236
 0.086235409866319682
 0.42399820260223675
 0.74199965532430534
 0.5617377478712462
 0.40153700851867025
 0.77239596586557513
 0.71402483903006819
 0.44908463719221847
 -0.16184915683347376
 -0.51547195544247149
 0.86950054076432171
 0.42911786053500428
 -0.23790782416525211
 -0.68787755052027277
 -0.9086524461430554
 0.81421316496881957
 0.15063687860015643
 -0.65476150501748409
 -0.92258559308565413
 -0.98548793248667932
 -0.56789841985367839
 0.078440967231840061
 0.72871352347375762
 0.87543008679395651
 0.88442076458372232
 0.029348145993144795
 0.16721981386024257
 0.32920438928036799
 0.36420609314231522
 0.36337981804524411
 0.68093669788072075
 0.25920159888271133
 -0.39272761842692971
 -0.58853262058167988
 -0.5989632306443905
 0.81680192152353392
 0.17764469302304298
 -0.69237229080277518
 -0.94586611109263463
 -0.96367933606633138
 0.8025778935859782
 0.098224746641547414
 -0.74494685326373244
 -0.97787270742190247
 -0.99821910391666413
 -0.55519494382585388
 0.11492962715945543
 0.61537491730504668
 0.22940714392547537
 -0.097062860490485695
 0.085889456055980598
 0.41257549667035454
 0.60706494493662089
 0.072398006704112658
 -0.30619729656130534
 0.77231954852932783
 0.71128714717240593
 0.41264510134852994
 -0.30105140777757317
 -0.71960958119362062
 0.86949457001036468
 0.42891086288183433
 -0.24061555114304239
 -0.69930392548296993
 -0.92673337007688428
 0.81421298730707636
 0.15063099932302632
 -0.65483552921454036
 -0.92291978177720024
 -0.98605313732322386
 -0.55512418833481447
 0.11704684768806743
 0.63768993101789173
 0.30570361760223635
 0.010743178710805048
 0.08619324511169256
 0.42262693338837642
 0.72544285879295378
 0.48620346312912782
 0.27836780819037316
 0.77280946117608695
 0.72914374833041173
 0.65472447101876108
 0.60078156988270215
 0.57712769598460567
 0.8697757630135482
 0.43873968909830763
 -0.11051658251237817
 -0.15592119740407684
 -0.072846116817000373
 0.8142748338536433
 0.15267084013207202
 -0.62912101975694601
 -0.80687613036992323
 -0.78903135242570266
 -0.78309221548159713
 -0.83273558592004804
 -0.89941567736332351
 -0.96163597437712356
 -0.99279390026480208
 -0.064908423781937549
 -0.19688262957908664
 -0.45420120597846791
 -0.78702334463857215
 -0.96009658075460924
 0.5334605584612846
 0.54102114754964314
 0.32108836717662742
 -0.43280038390317949
 -0.89145685646606132
 -0.022953107012468069
 0.3156197025038287
 0.54701260920417327
 -0.18095982968579008
 -0.82644842428097609
 -0.62592739399451458
 -0.0085776303062746456
 0.53736974349824584
 -0.072193286651904789
 -0.78729026439780381
 -0.78181146791550571
 -0.81248252422392575
 -0.68548069809728951
 -0.20252751769220875
 0.10362665476827418
 -0.044397547764332003
 -0.16329231869613056
 -0.1982447998317497
 0.11629891280030281
 0.33220756545928137
 0.77063094847586444
 0.718512282606381
 0.63826451095010051
 0.61095975727540452
 0.60949180965621108
 0.98179438673849362
 0.96827154911268265
 0.83490121922125937
 0.38592528556392552
 0.045872619450365207
 0.99896800865505031
 0.98295560456081688
 0.79225003068609323
 0.063260452207079737
 -0.58910738122673401
 -0.79524277236897212
 -0.8691669252692531
 -0.78643234038814636
 -0.3158115763453731
 -0.011349799242497275
 -0.10385186304329531
 -0.44028260414326875
 -0.74571943076316616
 -0.50299213972409396
 -0.29206680382227201
 0.65169885221791679
 0.11367666120991766
 -0.68610630071756495
 -0.84170004819700928
 -0.79535579530407385
 0.81451404162246399
 0.1666703042034742
 -0.71401172458352669
 -0.96661588213889238
 -0.98127974646821214
 0.80250951682059934
 0.09791316842612062
 -0.74553439049088754
 -0.9784766495654218
 -0.99877253724788906
 -0.79582871247474929
 -0.88695342270251609
 -0.97798293641685419
 -0.99861898331035381
 -0.99996419222249533
 -0.10419781685363418
 -0.45170531007515086
 -0.88065414115085205
 -0.99233188089122804
 -0.99980110890224727
 0.65162243488167104
 0.11093896935225486
 -0.72254583656125482
 -0.98090229914110894
 -0.99949342105522521
 0.81450807086850741
 0.16646330655030364
 -0.71671945156131645
 -0.97804225710158754
 -0.99936067040204168
 0.80250933915885658
 0.097907289148990717
 -0.74560841468794503
 -0.97881083825696824
 -0.99933774208443304
 -0.56899048539662256
 0.045525540015803681
 0.37793657810810849
 -0.35089582468262426
 -0.87319903620191375
 0.02871371334206245
 0.14623265740473138
 0.081508542078535223
 -0.51700063302058719
 -0.89661872627520312
 0.68086840287898209
 0.2567305234774655
 -0.42598785094997071
 -0.71294436166271058
 -0.77883889361372516
 0.81709845548450721
 0.1879722526796396
 -0.55640153881039611
 -0.37388729450379932
 -0.060477001108291191
 0.80307583686815764
 0.11466205003474904
 -0.53798746075309434
 -0.042359336112821541
 0.58928990709586826
 -0.56899048539662256
 0.045525540015803681
 0.37793657810810849
 -0.35089582468262426
 -0.87319903620191375
 0.02871371334206245
 0.14623265740473138
 0.081508542078535223
 -0.51700063302058719
 -0.89661872627520312
 0.68086840287898209
 0.2567305234774655
 -0.42598785094997071
 -0.71294436166271058
 -0.77883889361372516
 0.81709845548450721
 0.1879722526796396
 -0.55640153881039611
 -0.37388729450379932
 -0.060477001108291191
 0.80307583686815742
 0.11466205003474904
 -0.53798746075309434
 -0.042359336112821541
 0.58928990709586826
 -0.56899067858304442
 0.045519716589452232
 0.37787453758387218
 -0.35111199067794763
 -0.87350751309010655
 0.028707598047958225
 0.14603038903013976
 0.07912040130913163
 -0.52550379952852311
 -0.90875220009904611
 0.68079584579816088
 0.25410436679124604
 -0.46130265800357639
 -0.84651016587707417
 -0.97289247222978759
 0.81679092154819
 0.17726145219883374
 -0.6974196713996178
 -0.96702289649771167
 -0.99699845688069033
 0.80257756531732893
 0.098213899876292213
 -0.74508353941673233
 -0.97848941584597127
 -0.99926386816705814
 -0.56884879026317725
 0.047928960273900492
 0.40061419001472848
 -0.27461239612128424
 -0.76566182698512553
 0.031274649453746695
 0.16624228573528343
 0.21379976619661153
 -0.10374440173305718
 -0.32263502129091925
 0.70826867407125038
 0.40411674804035203
 0.021255898044941095
 0.17946617584713401
 0.34846385752857945
 0.93137264742343118
 0.72738952959608161
 0.39702880576764688
 0.12752971063274318
 -0.024872980885387502
 0.98740078576893786
 0.93084420405238077
 0.70251553351400076
 0.0079605715902834138
 -0.60232988357588868
 -0.55563012962061686
 0.10008689710616725
 0.45651116616188392
 -0.31412440570154465
 -0.86633709828062533
 0.087858124271209495
 0.41296923775925515
 0.50821711838421757
 -0.32001820342913989
 -0.86904293556917045
 0.79923802940934652
 0.84108338702970387
 0.62098878399385971
 -0.29568333806493535
 -0.86478214444772949
 0.98379007366103732
 0.96903387089156856
 0.72139430377450497
 -0.15786445687378603
 -0.82373334422199607
 0.99897421060521407
 0.98121649520194243
 0.76698637230265421
 -0.052795965480745138
 -0.78662049704342496
 -0.78253929634115038
 -0.83267826534163725
 -0.89977094655685719
 -0.96183451921385399
 -0.99283342431670452
 -0.047310552980459455
 -0.19492692133315656
 -0.46785887510691393
 -0.79480022616229618
 -0.96164391842882124
 0.74308170286652542
 0.56576220949961309
 0.11926641905789506
 -0.55421883539290329
 -0.91600214585330586
 0.86720669010929574
 0.41793647406226497
 -0.2622549849237949
 -0.72005369652922624
 -0.94433378047876582
 0.81414461054169684
 0.15031942110759966
 -0.65542306644169468
 -0.92352372392071991
 -0.98660657065444879
 -0.79582871247474929
 -0.88695342270251609
 -0.97798293641685419
 -0.99861898331035381
 -0.99996419222249533
 -0.10419781685363418
 -0.45170531007515086
 -0.88065414115085205
 -0.99233188089122804
 -0.99980110890224727
 0.65162243488167104
 0.11093896935225486
 -0.72254583656125482
 -0.98090229914110894
 -0.99949342105522521
 0.81450807086850741
 0.16646330655030364
 -0.71671945156131645
 -0.97804225710158754
 -0.99936067040204168
 0.80250933915885658
 0.097907289148990717
 -0.74560841468794503
 -0.97881083825696824
 -0.99933774208443304
 -0.79524277236897212
 -0.8691669252692531
 -0.78643234038814636
 -0.3158115763453731
 -0.011349799242497275
 -0.10385186304329531
 -0.44028260414326875
 -0.74571943076316616
 -0.50299213972409396
 -0.29206680382227201
 0.65169885221791679
 0.11367666120991766
 -0.68610630071756495
 -0.84170004819700928
 -0.79535579530407385
 0.81451404162246399
 0.1666703042034742
 -0.71401172458352669
 -0.96661588213889238
 -0.98127974646821214
 0.80250951682059946
 0.097913168426120578
 -0.74553439049088754
 -0.9784766495654218
 -0.99877253724788906
 -0.79473645374538282
 -0.85403217206012694
 -0.6271439505269697
 0.22792309416155074
 0.7579640854513322
 -0.10355726890844746
 -0.43051588524504841
 -0.63057015317961473
 -0.10262198822038961
 0.27233090924204295
 0.65176328696423091
 0.11603620144371915
 -0.65397079698460658
 -0.72292475384571575
 -0.62556417946982679
 0.81451907084384867
 0.16684654737451277
 -0.71167207096447471
 -0.95688547169651195
 -0.96604154958768318
 0.80250966742750673
 0.09791813591424578
 -0.74547172853494381
 -0.97819412983289944
 -0.99829297783403836
 -0.78144703761178302
 -0.79975701469924765
 -0.54893196066696981
 0.26470755825805065
 0.76509485335712457
 -0.046670005035272813
 -0.17373749650305409
 -0.21777488713567791
 0.094909666508541587
 0.31048809971546965
 0.74322255494908562
 0.57085944159107649
 0.18784145863454116
 -0.29624129009750849
 -0.54207290426790822
 0.86721769008463789
 0.41831971488647396
 -0.25720760432695211
 -0.69889691112414931
 -0.91101465966440764
 0.81414493881034689
 0.15033026787285478
 -0.65528638028869546
 -0.92290701549665144
 -0.98556180640405311
 -0.78196222222651834
 -0.81542629160390123
 -0.71816754298283603
 -0.34180337503016944
 -0.11571350042158401
 -0.046712169789899699
 -0.17510876571691425
 -0.23433168366702956
 0.019375381766422319
 0.18731889938717211
 0.74363605025959723
 0.58597835089142081
 0.39348129246108304
 0.46638943661866711
 0.55052674715916838
 0.86749291233386261
 0.42794154344977725
 -0.12981636267407809
 -0.16694055800795321
 -0.075208330338351864
 0.81420660769517073
 0.15236422940477037
 -0.62964589502815682
 -0.80719755278092054
 -0.78910522634307645
 0.56782747117621535
 -0.080564011186803466
 -0.75109057771083776
 -0.9519427264660405
 -0.99253528067320584
 -0.029658050342961137
 -0.17747351895285626
 -0.44997044390610358
 -0.78651471607526646
 -0.96007839662076477
 -0.68149916760830198
 -0.27968435672693692
 0.11533344170309411
 -0.44686616129295803
 -0.89182762514990099
 -0.81739064846303244
 -0.19818431972032188
 0.42125518958289049
 -0.19065221898016854
 -0.82672937296595106
 -0.80313801168337484
 -0.11671273760904978
 0.51213626514250121
 -0.074301023718523623
 -0.78735645624378414
 0.56910821874230744
 -0.06031094949068104
 -0.53715559844480443
 -0.19283426978112586
 0.10388527435987081
 -0.009147174325355471
 -0.14388320806990038
 -0.19401403775938603
 0.11680754136360869
 0.33222574959312567
 -0.44432877759372275
 -0.10219322167019891
 0.43250958547656865
 0.59689397988562576
 0.60912104097237085
 0.18735684528792926
 0.45446752688853109
 0.70914379959997687
 0.37623289626954665
 0.045591670765389856
 0.82175739096619194
 0.87482049725804178
 0.76701655233034882
 0.061152715140460917
 -0.58917357307271356
 0.55505286231956485
 -0.1173446942702553
 -0.63817661026013961
 -0.3061229044774641
 -0.011091302502687621
 -0.088462622755873424
 -0.43298966175008946
 -0.74413245059350552
 -0.5026605710075156
 -0.29205335607066407
 -0.79986493388324031
 -0.86392568510773138
 -0.93051846445065245
 -0.85849073816099675
 -0.79580032718080951
 -0.98438382982192141
 -0.98974974075988653
 -0.99485105861344303
 -0.98838428364139885
 -0.98191356169081601
 -0.99953447930951589
 -0.99970945365757169
 -0.99985962237983017
 -0.99966028539220286
 -0.99943462253087378
 0.78130495610549233
 0.79734194758844845
 0.52613026771187676
 -0.34142331881003879
 -0.8732490163502975
 0.044096838335380015
 0.15332333142331858
 0.080707381478794041
 -0.52517223081194342
 -0.90873875234743862
 -0.77076794030299867
 -0.72349797952640127
 -0.70571482173666411
 -0.86330085584106142
 -0.97333700410652391
 -0.98210694989619496
 -0.97915859276452766
 -0.97825900542953237
 -0.9887912980002187
 -0.99763227210329419
 -0.9994664308127873
 -0.99940872220739829
 -0.99940877130567496
 -0.99967305167275189
 -0.9999259534500432
 0.78130495610549233
 0.79734194758844845
 0.52613026771187676
 -0.34142331881003879
 -0.8732490163502975
 0.044096838335380015
 0.15332333142331858
 0.080707381478794041
 -0.52517223081194342
 -0.90873875234743862
 -0.77076794030299867
 -0.72349797952640127
 -0.70571482173666411
 -0.86330085584106142
 -0.97333700410652391
 -0.98210694989619496
 -0.97915859276452766
 -0.97825900542953237
 -0.9887912980002187
 -0.99763227210329419
 -0.9994664308127873
 -0.99940872220739829
 -0.99940877130567496
 -0.99967305167275189
 -0.9999259534500432
 0.55446711540020943
 -0.13512536827716709
 -0.8296651657646128
 -0.98871414544712
 -0.99939721859449315
 -0.08880246127210803
 -0.44421009930738098
 -0.87667902021178623
 -0.98349714566671309
 -0.98765418732679777
 -0.79986879413866752
 -0.86403722027917529
 -0.93164319324073575
 -0.86412718489073415
 -0.8058843743158961
 -0.984082266639563
 -0.97924593793225057
 -0.85654065300201176
 -0.40667505661018249
 -0.063473029852246579
 -0.99903638542043016
 -0.98326718277624559
 -0.792837567913248
 -0.063864394350599929
 0.58855394789550841
 0.75808510644722638
 -0.020310914185318191
 -0.78540245799310493
 -0.91104123112388702
 -0.89155549446748628
 0.78744237777841386
 0.10201985910243909
 -0.64159902940900715
 -0.56220062997965148
 -0.40289492785960229
 0.61563949335819323
 0.10786150819001933
 -0.45076689839131423
 0.054078581054224854
 0.49128571861421011
 -0.17375333276169463
 -0.44556982790468358
 -0.59824305034129899
 0.1465894021589941
 0.79070068646796865
 -0.82129857815626306
 -0.87280756759912304
 -0.74182322667679579
 0.05429252003954637
 0.78564209727159351
 0.77206970737892844
 0.034605610065644089
 -0.70669645989061258
 -0.87404907010430943
 -0.88438495680621831
 0.86645403715322133
 0.38107487606460683
 -0.20985853043121921
 -0.35653797403354287
 -0.36318092694749082
 0.97068573700094918
 0.85173737046954379
 0.67018178186567545
 0.60763032144057183
 0.59946980958916363
 0.99770614934497293
 0.98881861352726075
 0.97565283924145729
 0.96782385399104742
 0.96431866566429059
 0.99993144557287816
 0.99968254250744304
 0.99933843857578841
 0.99906186916493456
 0.99888136183223164
 0.79528975022361659
 0.85226429526576264
 0.60489830633860486
 -0.30421499179513806
 -0.86577000180083596
 0.12311461300429048
 0.43258061676007797
 0.51483602122598482
 -0.31100640835789872
 -0.85689127761148354
 -0.41564913957942012
 0.023004039439341692
 0.45054866557393236
 -0.17618331124035161
 -0.6710993345155053
 0.18966006614678996
 0.4659406491482237
 0.73665501674244405
 0.42557875582574817
 0.11250716286542729
 0.82226186446718352
 0.88952953805762436
 0.94884897261054746
 0.88122637718578567
 0.801867086373521
 0.79459437223909457
 0.85161710494932774
 0.60434225757187632
 -0.30463885471353847
 -0.86611824844450558
 0.1009841022085548
 0.41010172016531299
 0.49350264752273065
 -0.32764057608301211
 -0.87058156187401214
 -0.67930867231814407
 -0.26867473937904379
 0.1360974338824843
 -0.43661739209285444
 -0.889845728904605
 -0.92940833065540485
 -0.72768542525256397
 -0.52379453879200977
 -0.73080273742785518
 -0.94260538218001866
 -0.98783115942994471
 -0.94699659024879046
 -0.90922342305942572
 -0.94438593733650456
 -0.98719478202005939
 0.55446692221378979
 -0.13513119170351845
 -0.82972720628884944
 -0.98893031144244414
 -0.99970569548268595
 -0.088808576566212313
 -0.4444123676819719
 -0.87906716098118909
 -0.99200031217464857
 -0.99978766115063911
 -0.79994135121948839
 -0.86666337696539297
 -0.96695800029434076
 -0.99769298910509574
 -0.99993795293196019
 -0.98438980057587921
 -0.98995673841305598
 -0.99755878559123246
 -0.99981065860409468
 -0.9999944856246451
 -0.99953465697125876
 -0.99971533293470083
 -0.99993364657688621
 -0.99999447408374853
 -0.99999982736741921
 0.55446692221378979
 -0.13513119170351845
 -0.82972720628884944
 -0.98893031144244414
 -0.99970569548268595
 -0.088808576566212313
 -0.4444123676819719
 -0.87906716098118909
 -0.99200031217464857
 -0.99978766115063911
 -0.79994135121948839
 -0.86666337696539297
 -0.96695800029434076
 -0.99769298910509574
 -0.99993795293196019
 -0.98438980057587921
 -0.98995673841305598
 -0.99755878559123246
 -0.99981065860409468
 -0.9999944856246451
 -0.99953465697125876
 -0.99971533293470083
 -0.99993364657688621
 -0.99999447408374853
 -0.99999982736741921
 0.55555918094315659
 -0.10220994106113061
 -0.47888822039896445
 0.23761176602946066
 0.75822258219114247
 -0.088168028621025782
 -0.42322294285186846
 -0.62898317300995277
 -0.10229041950381035
 0.27234435699365017
 -0.7998004991369273
 -0.86156614487392913
 -0.89838296071769497
 -0.73971544380970244
 -0.62600871134656222
 -0.9843788006005374
 -0.98957349758884727
 -0.99251140499439094
 -0.97865387319901842
 -0.96667536481028815
 -0.99953432870260894
 -0.99970448616944663
 -0.99979696042388599
 -0.99937776565968117
 -0.99895506311702198
 0.56884859707675528
 -0.047934783700251921
 -0.40067623053896473
 0.27439623012596009
 0.7653533500969335
 -0.031280764747851048
 -0.16644455410987485
 -0.21618790696601514
 0.095241235225120818
 0.31050154746707614
 -0.70834123115207104
 -0.40674290472657065
 -0.056570705098546413
 -0.31303198006149535
 -0.54251743614464309
 -0.93168018135974762
 -0.73810033007688602
 -0.53804693835686834
 -0.72066531262665523
 -0.91164847488701062
 -0.98789905731976735
 -0.94729235421083702
 -0.90961161217763831
 -0.94409065132343239
 -0.98622389168703983
 0.56833341246201907
 -0.063604060604903173
 -0.56991181285483117
 -0.33211470316225977
 -0.11545500368177421
 -0.031322929502477836
 -0.16781582332373543
 -0.23274470349736737
 0.019706950483001633
 0.18733234713877936
 -0.70792773584156066
 -0.39162399542622744
 0.14906912872799533
 0.4495987466546798
 0.55008221528243251
 -0.93140495911052279
 -0.72847850151358451
 -0.41065569670399349
 -0.18870895951046016
 -0.075842145560955559
 -0.98783738843494517
 -0.94525839267891953
 -0.88397112691709867
 -0.8283811886077016
 -0.78976731162606173
 0.56782747117621535
 -0.080564011186803466
 -0.75109057771083776
 -0.9519427264660405
 -0.99253528067320584
 -0.029658050342961137
 -0.17747351895285626
 -0.44997044390610358
 -0.78651471607526646
 -0.96007839662076477
 -0.68149916760830198
 -0.27968435672693692
 0.11533344170309411
 -0.44686616129295803
 -0.89182762514990099
 -0.81739064846303244
 -0.19818431972032188
 0.42125518958289049
 -0.19065221898016854
 -0.82672937296595106
 -0.80313801168337506
 -0.11671273760904978
 0.51213626514250121
 -0.074301023718523623
 -0.78735645624378414
 0.56910821874230744
 -0.06031094949068104
 -0.53715559844480443
 -0.19283426978112586
 0.10388527435987081
 -0.009147174325355471
 -0.14388320806990038
 -0.19401403775938603
 0.11680754136360869
 0.33222574959312567
 -0.44432877759372275
 -0.10219322167019891
 0.43250958547656865
 0.59689397988562576
 0.60912104097237085
 0.18735684528792926
 0.45446752688853109
 0.70914379959997687
 0.37623289626954665
 0.045591670765389856
 0.82175739096619194
 0.87482049725804178
 0.76701655233034882
 0.061152715140460917
 -0.58917357307271356
 0.78189089621126906
 0.81512844502171333
 0.71768086374058682
 0.34138408815494214
 0.11536537662970138
 0.044442792145718904
 0.16474603735520088
 0.21564209186647812
 -0.035832489644809833
 -0.20100444726746355
 -0.77069152296675103
 -0.72076028766873812
 -0.66927528589297558
 -0.72409860489696098
 -0.76919937835537344
 -0.98210097914223726
 -0.97895159511135743
 -0.97555127845174128
 -0.97736492303752132
 -0.97955134816946465
 -0.99946625315104365
 -0.99940284293026871
 -0.99933474710861725
 -0.99933886298120544
 -0.99936074861349922
 0.78130495610549233
 0.79734194758844845
 0.52613026771187676
 -0.34142331881003879
 -0.8732490163502975
 0.044096838335380015
 0.15332333142331858
 0.080707381478794041
 -0.52517223081194342
 -0.90873875234743862
 -0.77076794030299867
 -0.72349797952640127
 -0.70571482173666411
 -0.86330085584106142
 -0.97333700410652391
 -0.98210694989619496
 -0.97915859276452766
 -0.97825900542953237
 -0.9887912980002187
 -0.99763227210329419
 -0.99946643081278719
 -0.99940872220739829
 -0.99940877130567496
 -0.99967305167275189
 -0.9999259534500432
 0.55446692221378979
 -0.13513119170351845
 -0.82972720628884944
 -0.98893031144244414
 -0.99970569548268595
 -0.088808576566212313
 -0.4444123676819719
 -0.87906716098118909
 -0.99200031217464857
 -0.99978766115063911
 -0.79994135121948839
 -0.86666337696539297
 -0.96695800029434076
 -0.99769298910509574
 -0.99993795293196019
 -0.98438980057587921
 -0.98995673841305598
 -0.99755878559123246
 -0.99981065860409468
 -0.9999944856246451
 -0.99953465697125876
 -0.99971533293470083
 -0.99993364657688621
 -0.99999447408374853
 -0.99999982736741921
 0.55446692221378979
 -0.13513119170351845
 -0.82972720628884944
 -0.98893031144244414
 -0.99970569548268595
 -0.088808576566212313
 -0.4444123676819719
 -0.87906716098118909
 -0.99200031217464857
 -0.99978766115063911
 -0.79994135121948839
 -0.86666337696539297
 -0.96695800029434076
 -0.99769298910509574
 -0.99993795293196019
 -0.98438980057587921
 -0.98995673841305598
 -0.99755878559123246
 -0.99981065860409468
 -0.9999944856246451
 -0.99953465697125876
 -0.99971533293470083
 -0.99993364657688621
 -0.99999447408374853
 -0.99999982736741921
 0.77137432939440387
 0.033958419749209066
 -0.70725250865734179
 -0.87447293302271079
 -0.8847332034498866
 0.84432352635748553
 0.35859597946984101
 -0.23119190413447241
 -0.37317214175865732
 -0.37687121121001882
 0.70702620426222706
 0.56005859165115868
 0.35573055017422905
 0.34719624058806864
 0.38072341520006536
 -0.12136224745722222
 -0.20480746087352769
 -0.2847967162929963
 -0.1885576392625557
 -0.090793879381154879
 -0.81016157832425129
 -0.83684358579897145
 -0.85873395709418376
 -0.826550445357354
 -0.79018050656134886
 0.77206970737892844
 0.034605610065644089
 -0.70669645989061258
 -0.87404907010430943
 -0.88438495680621831
 0.86645403715322133
 0.38107487606460683
 -0.20985853043121921
 -0.35653797403354287
 -0.36318092694749082
 0.97068573700094918
 0.85173737046954379
 0.67018178186567545
 0.60763032144057183
 0.59946980958916363
 0.99770614934497293
 0.98881861352726075
 0.97565283924145729
 0.96782385399104742
 0.96431866566429059
 0.99993144557287816
 0.99968254250744304
 0.99933843857578841
 0.99906186916493456
 0.99888136183223164
 0.55523305568935211
 -0.13236678085847162
 -0.80685614380927706
 -0.91220997484728139
 -0.89155140963772628
 -0.066374276714764785
 -0.41188203436918497
 -0.73935587342160303
 -0.56156068802451964
 -0.40153227213643344
 -0.53579190583400638
 -0.55712799698899995
 -0.41042739893266372
 0.16457406940768235
 0.51554571863536602
 0.13495978922949892
 0.21349816220420503
 0.39298973857388625
 0.6999535627284007
 0.90900531268068441
 0.81062021347243607
 0.83885063618076006
 0.88385325855068242
 0.94166149184581627
 0.98608382592368504
 0.7813051492919153
 0.79734777101480203
 0.52619230823611451
 -0.34120715281471475
 -0.87294053946210459
 0.044102953629484354
 0.15352559979791014
 0.08309552224819762
 -0.5166690643040075
 -0.89660527852359551
 -0.77069538322217668
 -0.72087182284018247
 -0.67040001468305843
 -0.72973505162669783
 -0.77928342549045926
 -0.98179941595987696
 -0.96844779228372024
 -0.83724087284031279
 -0.39565569600630579
 -0.061110816330894942
 -0.99896815926195692
 -0.9829605720489426
 -0.7923126926420373
 -0.063542971939602608
 0.58862782181288309
 0.78130495610549233
 0.79734194758844845
 0.52613026771187676
 -0.34142331881003879
 -0.8732490163502975
 0.044096838335380015
 0.15332333142331858
 0.080707381478794041
 -0.52517223081194342
 -0.90873875234743862
 -0.77076794030299867
 -0.72349797952640127
 -0.70571482173666411
 -0.86330085584106142
 -0.97333700410652391
 -0.98210694989619496
 -0.97915859276452766
 -0.97825900542953237
 -0.9887912980002187
 -0.99763227210329419
 -0.99946643081278708
 -0.99940872220739829
 -0.99940877130567496
 -0.99967305167275189
 -0.9999259534500432
 0.78130495610549233
 0.79734194758844845
 0.52613026771187676
 -0.34142331881003879
 -0.8732490163502975
 0.044096838335380015
 0.15332333142331858
 0.080707381478794041
 -0.52517223081194342
 -0.90873875234743862
 -0.77076794030299867
 -0.72349797952640127
 -0.70571482173666411
 -0.86330085584106142
 -0.97333700410652391
 -0.98210694989619496
 -0.97915859276452766
 -0.97825900542953237
 -0.9887912980002187
 -0.99763227210329419
 -0.9994664308127873
 -0.99940872220739829
 -0.99940877130567496
 -0.99967305167275189
 -0.9999259534500432
 0.55555918094315659
 -0.10220994106113061
 -0.47888822039896445
 0.23761176602946066
 0.75822258219114247
 -0.088168028621025782
 -0.42322294285186846
 -0.62898317300995277
 -0.10229041950381035
 0.27234435699365017
 -0.7998004991369273
 -0.86156614487392913
 -0.89838296071769497
 -0.73971544380970244
 -0.62600871134656222
 -0.9843788006005374
 -0.98957349758884727
 -0.99251140499439094
 -0.97865387319901842
 -0.96667536481028815
 -0.99953432870260905
 -0.99970448616944663
 -0.99979696042388599
 -0.99937776565968117
 -0.99895506311702198
 0.5689193525677968
 -0.045817563171639902
 -0.37836121682612139
 0.35069270380272055
 0.87315938929822456
 -0.030976975692138992
 -0.15639311739185321
 -0.097809993109683357
 0.50904669165013583
 0.8950666522187537
 -0.7078513185053128
 -0.38888630356856418
 0.18550866457168394
 0.58880099759877902
 0.75421984103358364
 -0.93139898835656487
 -0.72827150386041262
 -0.40794796972620417
 -0.17728258454776391
 -0.057761221627127005
 -0.98783721077320163
 -0.94525251340179139
 -0.88389710272004418
 -0.82804699991615616
 -0.78920210678951752
 0.56833341246201907
 -0.063604060604903173
 -0.56991181285483117
 -0.33211470316225977
 -0.11545500368177421
 -0.031322929502477836
 -0.16781582332373543
 -0.23274470349736737
 0.019706950483001633
 0.18733234713877936
 -0.70792773584156066
 -0.39162399542622744
 0.14906912872799533
 0.4495987466546798
 0.55008221528243251
 -0.93140495911052279
 -0.72847850151358451
 -0.41065569670399349
 -0.18870895951046016
 -0.075842145560955559
 -0.98783738843494517
 -0.94525839267891953
 -0.88397112691709867
 -0.8283811886077016
 -0.78976731162606173
 0.77137470673219311
 0.032133222376433401
 -0.72914288365217272
 -0.95056628581956693
 -0.99249959574748692
 0.84628299965184972
 0.35870500273894157
 -0.33326836695965656
 -0.77902365681322128
 -0.95988424190524901
 0.73351920724179742
 0.67435777058424928
 0.35413036688228555
 -0.43049337300827606
 -0.89139480939802018
 -0.0073429075883470144
 0.32566296409077244
 0.54945382361293971
 -0.18077048828988451
 -0.82644290990562197
 -0.62546205096577334
 -0.0082929632409753165
 0.53743609692135808
 -0.072187760735653778
 -0.78729009176521991
 0.99949348818998918
 0.9848594233645247
 0.84064956961458714
 0.45604916349775215
 0.23037763841797729
 0.999699290571048
 0.99003101272718863
 0.88246258164704416
 0.59112668198835938
 0.42346881311184276
 0.99986300817286611
 0.99501430307997962
 0.93254968921343617
 0.74765890143434421
 0.63615480554968751
 0.99968743684229944
 0.98911295634815732
 0.85664221379172734
 0.39713398756370749
 0.048240347347071812
 0.99950157784226323
 0.98354688235341847
 0.79284125938041927
 0.063587400534328056
 -0.58903333467677743
 0.98543813176724537
 0.92782567858494969
 0.73962855779925196
 0.34276052880141478
 0.11540106155541881
 0.92038384214052948
 0.70092455904699735
 0.33234416881292561
 -0.028341430382764109
 -0.20081029255194746
 0.64432685188334837
 0.23328183964244847
 -0.43047836071378376
 -0.70772581661227885
 -0.7687665626034923
 -0.17205323826755137
 -0.4551043113002613
 -0.84735264442169322
 -0.96748319234723823
 -0.97926488510913434
 -0.82179029243344381
 -0.89098306856219567
 -0.97403491532975994
 -0.99722559999833582
 -0.9992943841349361
 0.75801415776976389
 -0.022433958140281582
 -0.80777951223018429
 -0.98755387079597123
 -0.99967001055696869
 0.78713247342859782
 0.091766154009825476
 -0.76236508403474246
 -0.98450925291260238
 -0.99959350643512357
 0.61507702363061267
 0.087378750345793843
 -0.72816107511515071
 -0.98132020082041327
 -0.99950513718008083
 -0.1743420597011936
 -0.46610945460196263
 -0.86936015156118207
 -0.98992892791380971
 -0.99970802256431424
 -0.82185869625365782
 -0.89129555856662623
 -0.97463381479802824
 -0.99788121110088002
 -0.99993346288885399
 0.75801415776976389
 -0.022433958140281582
 -0.80777951223018429
 -0.98755387079597123
 -0.99967001055696869
 0.78713247342859782
 0.091766154009825476
 -0.76236508403474246
 -0.98450925291260238
 -0.99959350643512357
 0.61507702363061267
 0.087378750345793843
 -0.72816107511515071
 -0.98132020082041327
 -0.99950513718008083
 -0.1743420597011936
 -0.46610945460196263
 -0.86936015156118207
 -0.98992892791380971
 -0.99970802256431424
 -0.82185869625365782
 -0.89129555856662623
 -0.97463381479802824
 -0.99788121110088002
 -0.99993346288885399
 0.77137432939440387
 0.033958419749209066
 -0.70725250865734179
 -0.87447293302271079
 -0.8847332034498866
 0.84432352635748553
 0.35859597946984101
 -0.23119190413447241
 -0.37317214175865732
 -0.37687121121001882
 0.70702620426222706
 0.56005859165115868
 0.35573055017422905
 0.34719624058806864
 0.38072341520006536
 -0.12136224745722222
 -0.20480746087352769
 -0.2847967162929963
 -0.1885576392625557
 -0.090793879381154879
 -0.81016157832425129
 -0.83684358579897145
 -0.85873395709418376
 -0.826550445357354
 -0.79018050656134886
 0.77137432939440387
 0.033958419749209066
 -0.70725250865734179
 -0.87447293302271079
 -0.8847332034498866
 0.84432352635748553
 0.35859597946984101
 -0.23119190413447241
 -0.37317214175865732
 -0.37687121121001882
 0.70702620426222706
 0.56005859165115868
 0.35573055017422905
 0.34719624058806864
 0.38072341520006536
 -0.12136224745722222
 -0.20480746087352769
 -0.2847967162929963
 -0.1885576392625557
 -0.090793879381154879
 -0.81016157832425129
 -0.83684358579897145
 -0.85873395709418376
 -0.826550445357354
 -0.79018050656134886
 0.75870934256786537
 -0.021792591250198039
 -0.80728550398769217
 -0.98734617387289381
 -0.99963024080149065
 0.80925686893023008
 0.11404278222999904
 -0.74341985110089226
 -0.97637825169542514
 -0.99803669599643818
 0.87866399928851269
 0.37643137247796032
 -0.449024650477308
 -0.85445192418227378
 -0.97481232140704521
 0.94441880316468585
 0.71680581931802156
 0.25007127138405094
 -0.42668303665411955
 -0.88111693329126872
 0.98773605609264215
 0.92878241958133234
 0.67634250220830727
 -0.10839897631173943
 -0.79942536975820022
 0.75878009805890567
 -0.01967537072158607
 -0.78497049027484822
 -0.91104970019613396
 -0.89182420160020159
 0.8095606579859419
 0.12409421894802097
 -0.62504193724456047
 -0.56257279527041015
 -0.41347159124475963
 0.87915391193527381
 0.39428797363596702
 -0.20694528080707764
 0.047381053478002623
 0.32192495577118213
 0.94469999616786815
 0.72663464553449364
 0.38017024001471533
 0.11669969142477203
 -0.027229680031383898
 0.98779790263920708
 0.93082226039037674
 0.70205701166590306
 0.0076446750955370766
 -0.60240358486067858
 0.75808510644722638
 -0.020310914185318191
 -0.78540245799310493
 -0.91104123112388702
 -0.89155549446748628
 0.78744237777841386
 0.10201985910243909
 -0.64159902940900715
 -0.56220062997965148
 -0.40289492785960229
 0.61563949335819323
 0.10786150819001933
 -0.45076689839131423
 0.054078581054224854
 0.49128571861421011
 -0.17375333276169463
 -0.44556982790468358
 -0.59824305034129899
 0.1465894021589941
 0.79070068646796865
 -0.82129857815626317
 -0.87280756759912304
 -0.74182322667679579
 0.05429252003954637
 0.78564209727159351
 0.75801435095618608
 -0.022428134713930188
 -0.80771747170594776
 -0.98733770480064764
 -0.99936153366877667
 0.78713858872270215
 0.091968422384417103
 -0.75997694326533805
 -0.97600608640466713
 -0.98746003261128112
 0.61514958071143333
 0.090004907032012513
 -0.69284626806154537
 -0.84775439660605112
 -0.80545155856401485
 -0.17403452576487724
 -0.45539865412115615
 -0.72834201897196182
 -0.3967933259198983
 -0.063186566791915977
 -0.82136042470282788
 -0.87484740840816977
 -0.7675377361343898
 -0.061751131367730187
 0.58862031237407264
 0.98485219166146976
 0.91003918115168725
 0.54807796177054191
 -0.34004687816356599
 -0.87321333142457913
 0.92003788833019029
 0.68950185311511691
 0.19740945842524096
 -0.51768117154989812
 -0.90854459763192408
 0.64425043454710007
 0.23054414778478496
 -0.4669178965574724
 -0.84692806755637751
 -0.97290418835464298
 -0.17205920902150901
 -0.45531130895343186
 -0.85006037139948198
 -0.97890956730993395
 -0.99734580904296233
 -0.82179047009518591
 -0.89098894783932481
 -0.97410893952681554
 -0.99755978868988171
 -0.99985958897148119
 0.98594445039083611
 0.94296043179407518
 0.8989169476604284
 0.88649519930833787
 0.88471494624924962
 0.92067843627537838
 0.71069127794521991
 0.44749344639647726
 0.37202872112094004
 0.36358742051236653
 0.6443912866296605
 0.23564137987625017
 -0.39834285698082589
 -0.58895052226098354
 -0.59897494676924468
 -0.17204820904616672
 -0.45492806812922293
 -0.84501299080263925
 -0.9577527819048578
 -0.9640266882286046
 -0.82179014182653531
 -0.89097810107406927
 -0.97397225337381588
 -0.99694308026581357
 -0.99881482472108596
 0.99930462201547765
 0.99935280968356455
 0.99944395123327157
 0.99957613708159965
 0.9996517533563305
 0.9778694892042652
 0.97752110340523546
 0.97866662629674672
 0.98336583227488605
 0.98630971573747162
 0.73634046726127511
 0.70832122118161511
 0.68554876830855282
 0.73956591914749858
 0.78125360561089918
 -0.11906839680219551
 -0.19362607440078872
 -0.26044955553445398
 -0.15638149325360351
 -0.055112545045444987
 -0.81009302389712867
 -0.83652612830641382
 -0.85807239566997218
 -0.82561231452228856
 -0.78906186839357995
 0.77188064801799561
 0.049093172958333688
 -0.5479641187961648
 -0.33073826251578703
 -0.11541931875605686
 0.84461812049233365
 0.36836269836806201
 -0.1160426265509205
 0.027198009745047335
 0.18752650185429556
 0.70709063900853875
 0.56241813188495948
 0.38786605390718687
 0.46597153493936205
 0.55051503103431332
 -0.12135721823583782
 -0.20463121770248924
 -0.28245706267394427
 -0.17882722882017571
 -0.075555682500625138
 -0.81016142771734301
 -0.83683861831084616
 -0.85867129513824059
 -0.82626792562483242
 -0.78970094714749817
 -0.55625418158989148
 0.099737553371919904
 0.45644179663740397
 -0.31412898174471804
 -0.86633722113241307
 0.067996991119654848
 0.40085306952620425
 0.50557333648151515
 -0.32019526327586706
 -0.86904767195140786
 0.5626339693777751
 0.68418654498863507
 0.58233154573430412
 -0.298408250639144
 -0.86485590764062426
 -0.020670256332783542
 0.32641784815235958
 0.56631238936587158
 -0.16994046908191343
 -0.82408621075962329
 -0.62585916783604112
 -0.0082710195789731464
 0.5378946187694581
 -0.071871864240907329
 -0.78721639048042991
 -0.55497343402380106
 0.11999061506804251
 0.67037677590343714
 0.44497947494019674
 0.23008333390066302
 0.088507867137260249
 0.43444338040916047
 0.76152974262823359
 0.58312699416300784
 0.4232564742624822
 0.79980435939235406
 0.86167768004537348
 0.89950768950777793
 0.74535189053944018
 0.63609275848164948
 0.98407723741817821
 0.97906969476121208
 0.85420099938295868
 0.3969446461678014
 0.048234832971716671
 0.99903623481352288
 0.98326221528811975
 0.79277490595730593
 0.063581874618077017
 -0.58903350730935955
 -0.79579606884720644
 -0.86739904847488747
 -0.76418669619978086
 -0.23951967871178614
 0.096456117107006578
 -0.12340920713913817
 -0.44234733565829815
 -0.62998529880953669
 -0.089363743145806016
 0.29249356454716918
 0.41558470483310744
 -0.025363579673142973
 -0.48268416930689012
 0.057408016889057743
 0.50130771868125723
 -0.1896650953681743
 -0.46611689231926251
 -0.73899467036149691
 -0.43530916626812788
 -0.1277453597459571
 -0.82226201507409014
 -0.88953450554575064
 -0.94891163456649075
 -0.88150889691830769
 -0.80234664578737125
 -0.7963820089529825
 -0.88518554590815102
 -0.95573729222849058
 -0.92232708567676625
 -0.89215827587299223
 -0.12375516094947704
 -0.45377004159018075
 -0.76492000919722125
 -0.57870348431293905
 -0.41524074053280569
 0.41550828749685881
 -0.028101271530806108
 -0.51912370515057782
 -0.081794234055041631
 0.29717009293010682
 -0.18967106612213211
 -0.4663238899724329
 -0.74170239733928656
 -0.44673554123082371
 -0.14582628367978548
 -0.82226219273583268
 -0.88954038482287956
 -0.94898565876354612
 -0.88184308560985347
 -0.80291185062391746
 -0.78309259281938315
 -0.83091038854727206
 -0.87752530236849091
 -0.88554262158026598
 -0.8850275079672012
 -0.066867897076302349
 -0.19699165284818637
 -0.35212474315328335
 -0.38117182958400869
 -0.37708355005937949
 0.50696755548171435
 0.42672196861655226
 0.32268855046857048
 0.34488922969316466
 0.38066136813202506
 -0.13697244688134311
 -0.21485072246047099
 -0.28723793070176434
 -0.18874698065846099
 -0.090799393756509944
 -0.81062692135299164
 -0.83712825286427039
 -0.85880031051729722
 -0.82655597127360525
 -0.79018067919393176
 -0.78309259281938315
 -0.83091038854727206
 -0.87752530236849091
 -0.88554262158026598
 -0.8850275079672012
 -0.066867897076302349
 -0.19699165284818637
 -0.35212474315328335
 -0.38117182958400869
 -0.37708355005937949
 0.50696755548171435
 0.42672196861655226
 0.32268855046857048
 0.34488922969316466
 0.38066136813202506
 -0.13697244688134311
 -0.21485072246047099
 -0.28723793070176434
 -0.18874698065846099
 -0.090799393756509944
 -0.81062692135299164
 -0.83712825286427039
 -0.85880031051729722
 -0.82655597127360525
 -0.79018067919393176
 -0.79645276444402413
 -0.88730276643676276
 -0.97805230594133497
 -0.99862355935352787
 -0.99996431507428252
 -0.12405895000518886
 -0.46382147830820258
 -0.88329792305355337
 -0.99250894073795515
 -0.99980584528448457
 0.41501837485009951
 -0.045957872688813024
 -0.76120307482080907
 -0.98362721171531864
 -0.99956718424811986
 -0.1899522591253148
 -0.47615271618890531
 -0.87180136596995017
 -0.99011826930971547
 -0.99971353693966847
 -0.82232403928239861
 -0.89158022563192452
 -0.97470016822114125
 -0.99788673701712993
 -0.9999336355214371
 -0.7957575796459232
 -0.88666139954667977
 -0.97755829769884328
 -0.99841586243045022
 -0.99992454531880537
 -0.10193455450355746
 -0.44154485008802891
 -0.86435269011970417
 -0.98437793952077657
 -0.99824903484579808
 0.67860535050800364
 0.24309474944335302
 -0.48206665018296713
 -0.8567589350771776
 -0.97487436847508346
 0.92880860374056462
 0.70676255773107688
 0.24763005697528345
 -0.42687237805002476
 -0.8811224476666224
 0.98727071306389969
 0.92849775251603273
 0.67627614878519349
 -0.10840450222799027
 -0.79942554239078245
 -0.7957575796459232
 -0.88666139954667977
 -0.97755829769884328
 -0.99841586243045022
 -0.99992454531880537
 -0.10193455450355746
 -0.44154485008802891
 -0.86435269011970417
 -0.98437793952077657
 -0.99824903484579808
 0.67860535050800364
 0.24309474944335302
 -0.48206665018296713
 -0.8567589350771776
 -0.97487436847508346
 0.92880860374056462
 0.70676255773107688
 0.24763005697528345
 -0.42687237805002476
 -0.8811224476666224
 0.98727071306389969
 0.92849775251603273
 0.67627614878519349
 -0.10840450222799027
 -0.79942554239078245
 -0.7963820089529825
 -0.88518554590815102
 -0.95573729222849058
 -0.92232708567676625
 -0.89215827587299223
 -0.12375516094947704
 -0.45377004159018075
 -0.76492000919722125
 -0.57870348431293905
 -0.41524074053280569
 0.41550828749685881
 -0.028101271530806108
 -0.51912370515057782
 -0.081794234055041631
 0.29717009293010682
 -0.18967106612213211
 -0.4663238899724329
 -0.74170239733928656
 -0.44673554123082371
 -0.14582628367978548
 -0.82226219273583268
 -0.88954038482287956
 -0.94898565876354612
 -0.88184308560985347
 -0.80291185062391746
 -0.79638181576656164
 -0.88517972248179877
 -0.95567525170425494
 -0.92211091968144243
 -0.89184979898479899
 -0.12374904565537266
 -0.45356777321558878
 -0.76253186842781751
 -0.57020031780500346
 -0.40310726670896302
 0.4155808445776808
 -0.025475114844587199
 -0.48380889809697275
 0.051771570159320587
 0.49122367154617008
 -0.18936353218581556
 -0.45561308949162682
 -0.60068426475006598
 0.14640006076308898
 0.79069517209261342
 -0.82176392118500485
 -0.87309223466442343
 -0.74188958009990902
 0.054286994123295379
 0.7856419246390115
 -0.79638181576656164
 -0.88517972248179877
 -0.95567525170425494
 -0.92211091968144243
 -0.89184979898479899
 -0.12374904565537266
 -0.45356777321558878
 -0.76253186842781751
 -0.57020031780500346
 -0.40310726670896302
 0.4155808445776808
 -0.025475114844587199
 -0.48380889809697275
 0.051771570159320587
 0.49122367154617008
 -0.18936353218581556
 -0.45561308949162682
 -0.60068426475006598
 0.14640006076308898
 0.79069517209261342
 -0.82176392118500485
 -0.87309223466442343
 -0.74188958009990902
 0.054286994123295379
 0.7856419246390115
 -0.5684515231454903
 0.080214667452556329
 0.7510212081863592
 0.95193815042286711
 0.99253515782141732
 0.0097969171914062698
 0.16535735071980409
 0.4473266620034021
 0.78633765622853868
 0.96007366023852769
 0.44489510757673073
 0.12278751468586917
 -0.15399067996264876
 0.44414124871874977
 0.89175386195700646
 -0.18706968153078901
 -0.44443170301888785
 -0.57633710399152316
 0.17857620677204125
 0.82637650642832317
 -0.82169536675788191
 -0.87277477717186702
 -0.74122801867569954
 0.055225124958361328
 0.78676056280678008
 -0.55516230019831092
 0.13448400138708333
 0.82917115752212156
 0.9885064485240439
 0.99935744883901589
 0.066678065770476802
 0.42193347108720719
 0.85773378727793537
 0.97536614444953462
 0.98609737688811172
 0.53628181848076484
 0.57498459814700764
 0.65250676860289403
 0.73725890825259344
 0.78119155854286038
 -0.13467859622631639
 -0.20366933598773182
 -0.26289076994322153
 -0.15657083464950844
 -0.055118059420800156
 -0.8105583669258688
 -0.8368107953717151
 -0.85813874909308663
 -0.82561784043854092
 -0.78906204102616262
 -0.55574824030408698
 0.11669750395382031
 0.63762056149341129
 0.30569904155906241
 0.010743055859018134
 0.06633211196013783
 0.41051076515532475
 0.72279907689025169
 0.48602640328240165
 0.27836307180813569
 0.5362054011445162
 0.57224690628934483
 0.61606723275920527
 0.59805665730849489
 0.57705393279171036
 -0.13468456698027412
 -0.20387633364090207
 -0.26559849692101167
 -0.1679972096122046
 -0.073198983354628752
 -0.81055854458761289
 -0.83681667464884468
 -0.85821277329014312
 -0.82595202913008547
 -0.78962724586270694
 -0.7598012239594466
 -0.012953856764965445
 0.43455614310297541
 -0.31528925639586675
 -0.86606442916993831
 -0.80793794358105331
 -0.13512318379100163
 0.39125940030447204
 -0.31918315602997677
 -0.85710835284308096
 -0.85231184839150331
 -0.26722942563633245
 0.37884942760871804
 -0.1812152347094646
 -0.67123514477643931
 -0.83041046327115198
 -0.18671863517792914
 0.57913188792504211
 0.41331340222171464
 0.11214878195244363
 -0.80303685700281413
 -0.10024264378859095
 0.71969086565423568
 0.86214495250937206
 0.80127102030393527
 -0.98535851028505961
 -0.92517393436081252
 -0.70736635163171979
 -0.20368779234335757
 0.10389944673074923
 -0.92033248246503885
 -0.69926857201333681
 -0.31255873600879291
 0.11731102004619322
 0.34414688456760806
 -0.64431486929341431
 -0.23290368801858699
 0.43478239282451508
 0.72815277320508343
 0.80311257252039558
 0.17205417980012463
 0.45513506578239321
 0.84772071778043045
 0.96917915686755374
 0.98210761216243347
 0.8217903194882793
 0.89098398035119908
 0.9740462775708717
 0.99727726895735858
 0.99938002955762961
 -0.99864792641866018
 -0.97944909172169026
 -0.78557834149171768
 -0.24047225643985778
 0.096768678824958473
 -0.9772197463382134
 -0.95604696075532869
 -0.72535400205273104
 -0.080220634682737699
 0.30598969409418159
 -0.73577413727826824
 -0.68772692816594505
 -0.40702986279463349
 0.30146930945687817
 0.71962129731847646
 0.11935556055933577
 0.20366189827043202
 0.3932562511429083
 0.71119059629519155
 0.9270807222391565
 0.81015504810543748
 0.83857184839259036
 0.8838609293246229
 0.94199015462111158
 0.98664885812764525
 -0.98594445039083611
 -0.94296043179407518
 -0.8989169476604284
 -0.88649519930833787
 -0.88471494624924962
 -0.92067843627537838
 -0.71069127794521991
 -0.44749344639647726
 -0.37202872112094004
 -0.36358742051236653
 -0.6443912866296605
 -0.23564137987625017
 0.39834285698082589
 0.58895052226098354
 0.59897494676924468
 0.17204820904616672
 0.45492806812922293
 0.84501299080263925
 0.9577527819048578
 0.9640266882286046
 0.82179014182653531
 0.89097810107406927
 0.97397225337381588
 0.99694308026581357
 0.99881482472108596
 -0.98594445039083611
 -0.94296043179407518
 -0.8989169476604284
 -0.88649519930833787
 -0.88471494624924962
 -0.92067843627537838
 -0.71069127794521991
 -0.44749344639647726
 -0.37202872112094004
 -0.36358742051236653
 -0.6443912866296605
 -0.23564137987625017
 0.39834285698082589
 0.58895052226098354
 0.59897494676924468
 0.17204820904616672
 0.45492806812922293
 0.84501299080263925
 0.9577527819048578
 0.9640266882286046
 0.82179014182653531
 0.89097810107406927
 0.97397225337381588
 0.99694308026581357
 0.99881482472108596
 -0.99923386652443591
 -0.99723558915495314
 -0.97712893752042707
 -0.92327966340483891
 -0.89184571415503999
 -0.97756570014855182
 -0.9674696666872139
 -0.86028871244041405
 -0.56956037584987085
 -0.4017446109857935
 -0.73585055461451554
 -0.69046462002360787
 -0.44346939863832263
 0.16226705851277809
 0.51548367156732622
 0.11934958980537808
 0.20345490061726149
 0.39054852416511748
 0.69976422133249605
 0.90899979830532873
 0.8101548704436945
 0.83856596911546077
 0.88378690512756719
 0.9416559659295658
 0.98608365329110159
 -0.99930462201547765
 -0.99935280968356455
 -0.99944395123327157
 -0.99957613708159965
 -0.9996517533563305
 -0.9778694892042652
 -0.97752110340523546
 -0.97866662629674672
 -0.98336583227488605
 -0.98630971573747162
 -0.73634046726127511
 -0.70832122118161511
 -0.68554876830855282
 -0.73956591914749858
 -0.78125360561089918
 0.11906839680219551
 0.19362607440078872
 0.26044955553445398
 0.15638149325360351
 0.055112545045444987
 0.81009302389712867
 0.83652612830641382
 0.85807239566997218
 0.82561231452228856
 0.78906186839357995
 -0.99930462201547765
 -0.99935280968356455
 -0.99944395123327157
 -0.99957613708159965
 -0.9996517533563305
 -0.9778694892042652
 -0.97752110340523546
 -0.97866662629674672
 -0.98336583227488605
 -0.98630971573747162
 -0.73634046726127511
 -0.70832122118161511
 -0.68554876830855282
 -0.73956591914749858
 -0.78125360561089918
 0.11906839680219551
 0.19362607440078872
 0.26044955553445398
 0.15638149325360351
 0.055112545045444987
 0.81009302389712867
 0.83652612830641382
 0.85807239566997218
 0.82561231452228856
 0.78906186839357995
 -0.99930462201547765
 -0.99935280968356455
 -0.99944395123327157
 -0.99957613708159965
 -0.9996517533563305
 -0.9778694892042652
 -0.97752110340523546
 -0.97866662629674672
 -0.98336583227488605
 -0.98630971573747162
 -0.73634046726127511
 -0.70832122118161511
 -0.68554876830855282
 -0.73956591914749858
 -0.78125360561089918
 0.11906839680219551
 0.19362607440078872
 0.26044955553445398
 0.15638149325360351
 0.055112545045444987
 0.81009302389712867
 0.83652612830641382
 0.85807239566997218
 0.82561231452228856
 0.78906186839357995
 -0.99937575484430341
 -0.99964483283940198
 -0.99986858995128425
 -0.99977925796150169
 -0.99969140026002024
 -0.9801327515543401
 -0.9876815633923578
 -0.99496807732789427
 -0.99131977364533619
 -0.98786178979392048
 -0.76332338288760826
 -0.84047700127271341
 -0.92602795468683963
 -0.8637092832114297
 -0.80587265819104148
 0.0047678639301377097
 -0.34667317677998455
 -0.70389995300214592
 -0.39478838579796033
 -0.063125677689973167
 0.62533164999208424
 0.0059356649393729434
 -0.56381216780316545
 -0.044794021506688618
 0.58914966869993068
 -0.99937575484430341
 -0.99964483283940198
 -0.99986858995128425
 -0.99977925796150169
 -0.99969140026002024
 -0.9801327515543401
 -0.9876815633923578
 -0.99496807732789427
 -0.99131977364533619
 -0.98786178979392048
 -0.76332338288760826
 -0.84047700127271341
 -0.92602795468683963
 -0.8637092832114297
 -0.80587265819104148
 0.0047678639301377097
 -0.34667317677998455
 -0.70389995300214592
 -0.39478838579796033
 -0.063125677689973167
 0.62533164999208424
 0.0059356649393729434
 -0.56381216780316545
 -0.044794021506688618
 0.58914966869993068
 -0.99930499935326256
 -0.99752761231078935
 -0.97755357623843986
 -0.92348278428474173
 -0.89188536105872995
 -0.9798289624986295
 -0.97763012667433458
 -0.87659016347156316
 -0.57751431722032287
 -0.40329668504224231
 -0.76283347024084724
 -0.82262040011470661
 -0.68394858501661016
 0.038123694448847001
 0.49086461898718581
 0.0050490569333204232
 -0.33684435056351214
 -0.57380098437148286
 0.14859434228093171
 0.79076157556991056
 0.62539349653865006
 0.0079755057484187028
 -0.53809765834557055
 0.071249629900587905
 0.78617145359745322
 -0.99821274062389742
 -0.96460636166840041
 -0.6267145903485537
 0.30305929318716257
 0.86604291661509847
 -0.97918841455344252
 -0.95644070184423258
 -0.62650617550032606
 0.31219557545051546
 0.86883533310204863
 -0.76269261815828548
 -0.81752316802324221
 -0.61537354543996348
 0.29610123974424024
 0.86479386057258423
 0.0050600569086624355
 -0.33646110973930288
 -0.5687536037746399
 0.16975112768600845
 0.82408069638426884
 0.62539382480730221
 0.0079863525136737706
 -0.53796097219257044
 0.071866338324656456
 0.78721621784784646
 -0.98492332449029618
 -0.91033120430752301
 -0.54850260048855459
 0.33984375728366206
 0.87317368452088906
 -0.92230115068026719
 -0.6996623131022367
 -0.21371090945638876
 0.50972723017944677
 0.906992523575474
 -0.67123335017343166
 -0.36269992787588368
 0.22643871017918538
 0.72278470349244628
 0.94828513577450402
 0.057758676149451314
 -0.084987942227341268
 -0.11428913713711775
 0.42773968825837039
 0.87910758630754515
 0.63702909619014181
 0.060398484472282667
 -0.44777562394632298
 0.12715345266090425
 0.79994738927783182
 -0.98558002008711254
 -0.93023492226939797
 -0.76236821023010826
 -0.41926012335807883
 -0.2232467476603994
 -0.92295089354631843
 -0.72113645575214336
 -0.46702353370040545
 -0.3934179674127018
 -0.3853068862561792
 -0.67179968015644076
 -0.3832942208915544
 -0.052080195334733785
 -0.31825052511192858
 -0.55258976715487484
 0.057471512392311026
 -0.095023766096984846
 -0.24709583274557162
 -0.12706941478321665
 0.0071394091138321453
 0.63696707198183322
 0.058352764386106939
 -0.47356415760097353
 0.010775612562082136
 0.60236039954376519
 -0.98663925785115048
 -0.94542699605693303
 -0.92130133089775224
 -0.96279624902827199
 -0.99252110830232654
 -0.94084335848264466
 -0.73285888289629197
 -0.56851514215551058
 -0.7860112373926823
 -0.94815726164628344
 -0.88148525930799182
 -0.41039482307532482
 0.11760624905104074
 -0.31560736797350086
 -0.69783609360187726
 -0.83269331395083723
 -0.19751678082645943
 0.55983210776334269
 0.40229404161783844
 0.10978656843109225
 -0.80310508316128582
 -0.10054925451589254
 0.71916599038302476
 0.86182353009837553
 0.80119714638656037
 -0.98601520588187797
 -0.94507765232268726
 -0.92123196137327257
 -0.96279167298509949
 -0.99252098545053957
 -0.92098222533109086
 -0.72074271466324114
 -0.56587136025280849
 -0.7858341775459553
 -0.9481525252640457
 -0.64488119927642085
 -0.25349798103425675
 0.15626348731059575
 -0.3128824553992911
 -0.69776233040898328
 0.17176701604298444
 0.44509924191274952
 0.71491402217197664
 0.41437005382596614
 0.11013943496872064
 0.82172829527996938
 0.88893826026502454
 0.9482577439162212
 0.88089942885853667
 0.80179303982356431
 -0.98542926577609991
 -0.92729115488942315
 -0.72968136534456252
 -0.27998426602011789
 -0.0039065924705414968
 -0.92063627152074989
 -0.70932000873135925
 -0.4309366498651252
 -0.29649443637882156
 -0.24041822018407022
 -0.64480478194017321
 -0.25076028917659399
 0.19270302315428442
 -0.17368020445519181
 -0.49362470465783242
 0.17177298679694206
 0.44530623956592041
 0.71762174914976673
 0.4257964287886627
 0.12822035890254926
 0.82172847294171203
 0.88894413954215379
 0.94833176811327635
 0.881233617550083
 0.80235824466010941
 -0.98542926577609991
 -0.92729115488942315
 -0.72968136534456252
 -0.27998426602011789
 -0.0039065924705414968
 -0.92063627152074989
 -0.70932000873135925
 -0.4309366498651252
 -0.29649443637882156
 -0.24041822018407022
 -0.64480478194017321
 -0.25076028917659399
 0.19270302315428442
 -0.17368020445519181
 -0.49362470465783242
 0.17177298679694206
 0.44530623956592041
 0.71762174914976673
 0.4257964287886627
 0.12822035890254926
 0.82172847294171214
 0.88894413954215379
 0.94833176811327635
 0.881233617550083
 0.80235824466010941
 -0.99930462201547765
 -0.99935280968356455
 -0.99944395123327157
 -0.99957613708159965
 -0.9996517533563305
 -0.9778694892042652
 -0.97752110340523546
 -0.97866662629674672
 -0.98336583227488605
 -0.98630971573747162
 -0.73634046726127511
 -0.70832122118161511
 -0.68554876830855282
 -0.73956591914749858
 -0.78125360561089918
 0.11906839680219551
 0.19362607440078872
 0.26044955553445398
 0.15638149325360351
 0.055112545045444987
 0.81009302389712867
 0.83652612830641382
 0.85807239566997218
 0.82561231452228856
 0.78906186839357995
 -0.99930462201547765
 -0.99935280968356455
 -0.99944395123327157
 -0.99957613708159965
 -0.9996517533563305
 -0.9778694892042652
 -0.97752110340523546
 -0.97866662629674672
 -0.98336583227488605
 -0.98630971573747162
 -0.73634046726127511
 -0.70832122118161511
 -0.68554876830855282
 -0.73956591914749858
 -0.78125360561089918
 0.11906839680219551
 0.19362607440078872
 0.26044955553445398
 0.15638149325360351
 0.055112545045444987
 0.81009302389712867
 0.83652612830641382
 0.85807239566997218
 0.82561231452228856
 0.78906186839357995
 -0.99930462201547765
 -0.99935280968356455
 -0.99944395123327157
 -0.99957613708159965
 -0.9996517533563305
 -0.9778694892042652
 -0.97752110340523546
 -0.97866662629674672
 -0.98336583227488605
 -0.98630971573747162
 -0.73634046726127511
 -0.70832122118161511
 -0.68554876830855282
 -0.73956591914749858
 -0.78125360561089918
 0.11906839680219551
 0.19362607440078872
 0.26044955553445398
 0.15638149325360351
 0.055112545045444987
 0.81009302389712867
 0.83652612830641382
 0.85807239566997218
 0.82561231452228856
 0.78906186839357995
 -0.99930462201547765
 -0.99935280968356455
 -0.99944395123327157
 -0.99957613708159965
 -0.9996517533563305
 -0.9778694892042652
 -0.97752110340523546
 -0.97866662629674672
 -0.98336583227488605
 -0.98630971573747162
 -0.73634046726127511
 -0.70832122118161511
 -0.68554876830855282
 -0.73956591914749858
 -0.78125360561089918
 0.11906839680219551
 0.19362607440078872
 0.26044955553445398
 0.15638149325360351
 0.055112545045444987
 0.81009302389712867
 0.83652612830641382
 0.85807239566997218
 0.82561231452228856
 0.78906186839357995
 -0.99930462201547765
 -0.99935280968356455
 -0.99944395123327157
 -0.99957613708159965
 -0.9996517533563305
 -0.9778694892042652
 -0.97752110340523546
 -0.97866662629674672
 -0.98336583227488605
 -0.98630971573747162
 -0.73634046726127511
 -0.70832122118161511
 -0.68554876830855282
 -0.73956591914749858
 -0.78125360561089918
 0.11906839680219551
 0.19362607440078872
 0.26044955553445398
 0.15638149325360351
 0.055112545045444987
 0.81009302389712867
 0.83652612830641382
 0.85807239566997218
 0.82561231452228856
 0.78906186839357995
 -0.99937575484430341
 -0.99964483283940198
 -0.99986858995128425
 -0.99977925796150169
 -0.99969140026002024
 -0.9801327515543401
 -0.9876815633923578
 -0.99496807732789427
 -0.99131977364533619
 -0.98786178979392048
 -0.76332338288760826
 -0.84047700127271341
 -0.92602795468683963
 -0.8637092832114297
 -0.80587265819104148
 0.0047678639301377097
 -0.34667317677998455
 -0.70389995300214592
 -0.39478838579796033
 -0.063125677689973167
 0.62533164999208424
 0.0059356649393729434
 -0.56381216780316545
 -0.044794021506688618
 0.58914966869993068
 -0.99937575484430341
 -0.99964483283940198
 -0.99986858995128425
 -0.99977925796150169
 -0.99969140026002024
 -0.9801327515543401
 -0.9876815633923578
 -0.99496807732789427
 -0.99131977364533619
 -0.98786178979392048
 -0.76332338288760826
 -0.84047700127271341
 -0.92602795468683963
 -0.8637092832114297
 -0.80587265819104148
 0.0047678639301377097
 -0.34667317677998455
 -0.70389995300214592
 -0.39478838579796033
 -0.063125677689973167
 0.62533164999208424
 0.0059356649393729234
 -0.56381216780316545
 -0.044794021506688618
 0.58914966869993068
 -0.99878981473852679
 -0.98185833540613743
 -0.80831799392257409
 -0.31697185099652181
 -0.011077007280022031
 -0.97978679774400257
 -0.97625885746047614
 -0.86003336694021038
 -0.50198003247820411
 -0.28012748471394533
 -0.76324696555135807
 -0.8377393094150497
 -0.88958841884315076
 -0.72450703226732882
 -0.60173503243989024
 0.0047738346840954697
 -0.34646617912681504
 -0.70119222602435605
 -0.38336201083526383
 -0.045044753756144633
 0.62533182765382711
 0.0059415442165028608
 -0.56373814360610974
 -0.044459832815142833
 0.58971487353647578
 -0.99828349611493616
 -0.9667235821970146
 -0.64902960406139854
 0.22676281951040181
 0.75823687741380774
 -0.97949220360915501
 -0.96649213856225313
 -0.74488408935665773
 -0.10160988097449906
 0.28427022835036941
 -0.76318253080504694
 -0.8353797691812489
 -0.85745291511019228
 -0.60573173791603563
 -0.43194341660564245
 0.0047788639054798651
 -0.34628993595577612
 -0.69885257240530452
 -0.37363160039288351
 -0.029806556875614815
 0.62533197826073439
 0.0059465117046279929
 -0.56367548165016579
 -0.044177313082620052
 0.5901944329503257
 -0.98558002008711254
 -0.93023492226939797
 -0.76236821023010826
 -0.41926012335807883
 -0.2232467476603994
 -0.92295089354631843
 -0.72113645575214336
 -0.46702353370040545
 -0.3934179674127018
 -0.3853068862561792
 -0.67179968015644076
 -0.3832942208915544
 -0.052080195334733785
 -0.31825052511192858
 -0.55258976715487484
 0.057471512392311026
 -0.095023766096984846
 -0.24709583274557162
 -0.12706941478321665
 0.0071394091138321453
 0.63696707198183322
 0.058352764386106939
 -0.47356415760097353
 0.010775612562082136
 0.60236039954376519
 -0.98558002008711254
 -0.93023492226939797
 -0.76236821023010826
 -0.41926012335807883
 -0.2232467476603994
 -0.92295089354631843
 -0.72113645575214336
 -0.46702353370040545
 -0.3934179674127018
 -0.3853068862561792
 -0.67179968015644076
 -0.3832942208915544
 -0.052080195334733785
 -0.31825052511192858
 -0.55258976715487484
 0.057471512392311033
 -0.095023766096984846
 -0.24709583274557162
 -0.12706941478321665
 0.0071394091138321453
 0.63696707198183322
 0.058352764386106926
 -0.47356415760097353
 0.010775612562082136
 0.60236039954376519


